11425
11417
11411
11404
11396
11389
11382
11376
11369
11361
11353
11298
11287
11279
11272
11266
11258
11252
11245
11239
11233
11227
11220
11211
11203
11197
11191
11184
11178
11172
11155
11144
11135
10592
10586
10580
10574
10567
10561
10554
10548
10542
10536
10530
10520
10514
10508
10500
10494
10487
10481
10475
10469
10463
10457
10451
10426
10419
10413
10407
10401
10395
10388
10382
10376
10369
10361
10354
10348
10337
10330
10320
10313
10306
10300
10292
10286
10277
10270
10263
10256
10250
10244
10237
10230
10224
10216
10198
10183
10178
10171
10164
10158
10152
10146
10139
10133
10127
10121
10114
10105
10099
10093
10085
10079
10073
10066
10058
10048
10041
10035
10027
10021
10015
10009
10003
9997
9988
9982
9976
9970
9964
9951
9945
9937
9930
9924
9918
9912
9901
9895
9888
9882
9876
9865
9862
9856
9850
9842
9835
9828
9821
9815
9808
9802
9796
9787
9781
9774
9768
9762
9755
9748
9742
9736
9726
9719
9712
9701
9700
9694
9682
9681
9675
9669
9663
9657
9648
9642
9636
9630
9621
9614
9168
9162
9156
9150
9144
9131
9124
9117
9109
9103
9097
9091
9085
9078
9071
9064
9056
9050
9044
9011
8455
8451
8447
8155
8125
8106
8020
8012
7681
7648
7614
7600
7544
7507
7469
7460
7451
7448
7443
7439
7435
7431
7423
7344
7203
7176
7166
6661
6657
6616
6407
6303
6148
6131
6089
6031
6025
5913
4898
4893
4889
4884
4880
4876
4872
4868
4863
4859
4854
4850
4846
4842
4838
4832
4822
4814
4793
4789
4784
4778
4774
4769
4763
4752
4748
4638
4613
4608
4597
4585
4544
4530
4514
4412
4341
4327
4319
4311
4302
4285
4242
4225
4150
4134
4112
4092
4060
3989
3983
3835
3790
3783
3776
3767
3745
3727
3692
3685
3677
3563
3555
3538
3490
3466
3459
3452
3425
3421
3417
3413
3409
3403
3395
3391
3386
3381
3357
3328
3322
3056
3046
2936
2878
2874
2856
2823
2762
2729
2719
2707
2663
2653
2643
2633
2266
2117
2013
2004
1967
1959
1893
1878
1634
1628
1576
1564
1558
1538
1478
1481
1484
1488
1328
1261
1255
1247
1180
1174
1172
1145
1052
1045
1035
998
992
839
835
833
831
829
813
811
807
804
801
546
543
539
530
514
444
442
440
438
435
409
407
107
100
96
94
66
50